0 0.4171875 0.29296875 0.18984375 0.0703125
0 0.3828125 0.365625 0.096875 0.09140625
0 0.42265625 0.5890625 0.1828125 0.30859375
0 0.5609375 0.646875 0.04140625 0.04453125
0 0.6265625 0.8265625 0.0375 0.025
0 0.65859375 0.88515625 0.0359375 0.0296875
0 0.6375 0.94921875 0.03671875 0.0265625
0 0.5890625 0.88984375 0.03359375 0.0484375
0 0.546875 0.9078125 0.07734375 0.03984375
0 0.4625 0.90234375 0.046875 0.0671875
0 0.2984375 0.88359375 0.0625 0.0328125
0 0.35078125 0.8703125 0.0265625 0.02265625
0 0.3421875 0.76953125 0.05234375 0.0515625
0 0.4390625 0.7515625 0.025 0.02421875
0 0.26484375 0.71640625 0.0265625 0.0234375
0 0.296875 0.734375 0.03359375 0.01640625
0 0.271875 0.6875 0.01875 0.01875
0 0.296875 0.6609375 0.025 0.01875
0 0.290625 0.6125 0.02265625 0.02109375
0 0.50390625 0.48046875 0.0265625 0.0234375
0 0.5328125 0.41875 0.040625 0.028125
0 0.534375 0.396875 0.02734375 0.01640625
0 0.5421875 0.2609375 0.03671875 0.02578125
0 0.4046875 0.2328125 0.08984375 0.03125
0 0.425 0.1765625 0.09453125 0.06484375
0 0.60390625 0.1359375 0.0328125 0.021875
0 0.478125 0.1296875 0.0625 0.05234375
0 0.41015625 0.1015625 0.0640625 0.01484375
0 0.353125 0.10625 0.03125 0.02421875
0 0.4359375 0.04375 0.05234375 0.03203125
0 0.45390625 0.01875 0.0796875 0.0375
0 0.578125 0.1578125 0.03203125 0.01796875