0 0.5828125 0.70859375 0.190625 0.0703125
0 0.6171875 0.634375 0.096875 0.090625
0 0.57734375 0.4109375 0.1828125 0.309375
0 0.4375 0.353125 0.040625 0.04375
0 0.3734375 0.1734375 0.0375 0.025
0 0.34140625 0.11484375 0.0359375 0.0296875
0 0.3625 0.05078125 0.0375 0.0265625
0 0.4109375 0.11015625 0.034375 0.0484375
0 0.453125 0.0921875 0.078125 0.040625
0 0.5375 0.09765625 0.046875 0.0671875
0 0.7015625 0.11640625 0.0625 0.0328125
0 0.64921875 0.1296875 0.0265625 0.021875
0 0.6578125 0.23046875 0.053125 0.0515625
0 0.5609375 0.25 0.025 0.025
0 0.73515625 0.28515625 0.0265625 0.0234375
0 0.703125 0.265625 0.034375 0.015625
0 0.728125 0.3125 0.01875 0.01875
0 0.703125 0.3390625 0.025 0.01875
0 0.709375 0.3875 0.021875 0.021875
0 0.49609375 0.51953125 0.0265625 0.0234375
0 0.4671875 0.5828125 0.040625 0.028125
0 0.465625 0.603125 0.028125 0.015625
0 0.4578125 0.7390625 0.0375 0.025
0 0.5953125 0.76875 0.090625 0.03125
0 0.575 0.825 0.09375 0.065625
0 0.39609375 0.865625 0.0328125 0.021875
0 0.521875 0.8703125 0.0625 0.053125
0 0.58984375 0.9 0.0640625 0.015625
0 0.646875 0.89375 0.03125 0.025
0 0.5640625 0.95625 0.053125 0.03125
0 0.54375 0.98125 0.078125 0.0375
0 0.4203125 0.84375 0.03125 0.01875