0 0.4171875 0.29140625 0.190625 0.0703125
0 0.3828125 0.365625 0.096875 0.090625
0 0.42265625 0.5890625 0.1828125 0.309375
0 0.5625 0.646875 0.040625 0.04375
0 0.6265625 0.8265625 0.0375 0.025
0 0.65859375 0.88515625 0.0359375 0.0296875
0 0.6375 0.94921875 0.0375 0.0265625
0 0.5890625 0.88984375 0.034375 0.0484375
0 0.546875 0.9078125 0.078125 0.040625
0 0.4625 0.90234375 0.046875 0.0671875
0 0.2984375 0.88359375 0.0625 0.0328125
0 0.35078125 0.8703125 0.0265625 0.021875
0 0.3421875 0.76953125 0.053125 0.0515625
0 0.4390625 0.75 0.025 0.025
0 0.26484375 0.71484375 0.0265625 0.0234375
0 0.296875 0.734375 0.034375 0.015625
0 0.271875 0.6875 0.01875 0.01875
0 0.296875 0.6609375 0.025 0.01875
0 0.290625 0.6125 0.021875 0.021875
0 0.50390625 0.48046875 0.0265625 0.0234375
0 0.5328125 0.4171875 0.040625 0.028125
0 0.534375 0.396875 0.028125 0.015625
0 0.5421875 0.2609375 0.0375 0.025
0 0.4046875 0.23125 0.090625 0.03125
0 0.425 0.175 0.09375 0.065625
0 0.60390625 0.134375 0.0328125 0.021875
0 0.478125 0.1296875 0.0625 0.053125
0 0.41015625 0.1 0.0640625 0.015625
0 0.353125 0.10625 0.03125 0.025
0 0.4359375 0.04375 0.053125 0.03125
0 0.45625 0.01875 0.078125 0.0375
0 0.5796875 0.15625 0.03125 0.01875