0 0.5828125 0.29296875 0.190625 0.0703125
0 0.6171875 0.3671875 0.096875 0.090625
0 0.57734375 0.5890625 0.1828125 0.309375
0 0.4390625 0.646875 0.040625 0.04375
0 0.3734375 0.8265625 0.0375 0.025
0 0.34140625 0.88515625 0.0359375 0.0296875
0 0.3640625 0.94921875 0.0375 0.0265625
0 0.4125 0.88984375 0.034375 0.0484375
0 0.4546875 0.9078125 0.078125 0.040625
0 0.5375 0.90234375 0.046875 0.0671875
0 0.7015625 0.88359375 0.0625 0.0328125
0 0.65078125 0.871875 0.0265625 0.021875
0 0.6578125 0.76953125 0.053125 0.0515625
0 0.5609375 0.7515625 0.025 0.025
0 0.73515625 0.71640625 0.0265625 0.0234375
0 0.703125 0.734375 0.034375 0.015625
0 0.728125 0.6875 0.01875 0.01875
0 0.7046875 0.6609375 0.025 0.01875
0 0.709375 0.6125 0.021875 0.021875
0 0.49609375 0.48046875 0.0265625 0.0234375
0 0.46875 0.41875 0.040625 0.028125
0 0.465625 0.3984375 0.028125 0.015625
0 0.459375 0.2609375 0.0375 0.025
0 0.596875 0.2328125 0.090625 0.03125
0 0.575 0.1765625 0.09375 0.065625
0 0.39765625 0.1359375 0.0328125 0.021875
0 0.521875 0.1296875 0.0625 0.053125
0 0.58984375 0.1015625 0.0640625 0.015625
0 0.646875 0.10625 0.03125 0.025
0 0.5640625 0.04375 0.053125 0.03125
0 0.5453125 0.0203125 0.078125 0.0375
0 0.421875 0.1578125 0.03125 0.01875