0 0.4171875 0.70859375 0.190625 0.0703125
0 0.3828125 0.634375 0.096875 0.090625
0 0.42265625 0.4109375 0.1828125 0.309375
0 0.5625 0.353125 0.040625 0.04375
0 0.6265625 0.1734375 0.0375 0.025
0 0.65859375 0.11484375 0.0359375 0.0296875
0 0.6375 0.05078125 0.0375 0.0265625
0 0.5890625 0.11015625 0.034375 0.0484375
0 0.546875 0.0921875 0.078125 0.040625
0 0.4625 0.09765625 0.046875 0.0671875
0 0.2984375 0.11640625 0.0625 0.0328125
0 0.35078125 0.1296875 0.0265625 0.021875
0 0.3421875 0.23046875 0.053125 0.0515625
0 0.4390625 0.25 0.025 0.025
0 0.26484375 0.28515625 0.0265625 0.0234375
0 0.296875 0.265625 0.034375 0.015625
0 0.271875 0.3125 0.01875 0.01875
0 0.296875 0.3390625 0.025 0.01875
0 0.290625 0.3875 0.021875 0.021875
0 0.50390625 0.51953125 0.0265625 0.0234375
0 0.5328125 0.5828125 0.040625 0.028125
0 0.534375 0.603125 0.028125 0.015625
0 0.5421875 0.7390625 0.0375 0.025
0 0.4046875 0.76875 0.090625 0.03125
0 0.425 0.825 0.09375 0.065625
0 0.60390625 0.865625 0.0328125 0.021875
0 0.478125 0.8703125 0.0625 0.053125
0 0.41015625 0.9 0.0640625 0.015625
0 0.353125 0.89375 0.03125 0.025
0 0.4359375 0.95625 0.053125 0.03125
0 0.45625 0.98125 0.078125 0.0375
0 0.5796875 0.84375 0.03125 0.01875