0 0.59609375 0.0015625 0.0140625 0.003125
0 0.596875 0.0078125 0.00625 0.003125
0 0.5984375 0.0234375 0.009375 0.01875
0 0.5984375 0.04140625 0.009375 0.0078125
0 0.6015625 0.0640625 0.0125 0.01875
0 0.59921875 0.0765625 0.0078125 0.00625
0 0.60078125 0.1046875 0.0109375 0.0375
0 0.603125 0.13203125 0.0125 0.0046875
0 0.5984375 0.14296875 0.009375 0.0078125
0 0.6015625 0.1515625 0.0125 0.00625
0 0.6015625 0.1609375 0.009375 0.003125
0 0.603125 0.17890625 0.015625 0.0296875
0 0.6046875 0.20625 0.015625 0.021875
0 0.60234375 0.2234375 0.0140625 0.009375
0 0.6046875 0.240625 0.0125 0.00625
0 0.603125 0.2640625 0.015625 0.03125
0 0.60859375 0.2453125 0.0109375 0.003125
0 0.60234375 0.2859375 0.0046875 0.003125
0 0.58984375 0.271875 0.0046875 0.003125
0 0.5890625 0.2828125 0.00625 0.003125
0 0.60703125 0.31953125 0.0140625 0.0234375
0 0.60625 0.3015625 0.003125 0.003125
0 0.60625 0.340625 0.0125 0.0125
0 0.59453125 0.35625 0.0078125 0.003125
0 0.6046875 0.353125 0.009375 0.009375
0 0.60625 0.3703125 0.0125 0.015625
0 0.6046875 0.384375 0.00625 0.003125
0 0.60625 0.39453125 0.0125 0.0109375
0 0.6125 0.4046875 0.009375 0.00625
0 0.6078125 0.415625 0.015625 0.015625
0 0.58828125 0.4328125 0.0046875 0.003125
0 0.61171875 0.44140625 0.0140625 0.0109375
0 0.6109375 0.4828125 0.015625 0.065625
0 0.61171875 0.5234375 0.0109375 0.009375
0 0.60859375 0.54140625 0.0140625 0.0046875
0 0.6171875 0.5484375 0.0125 0.003125
0 0.6140625 0.5625 0.00625 0.003125
0 0.62890625 0.55 0.0203125 0.028125
0 0.6140625 0.609375 0.0125 0.021875
0 0.61484375 0.6421875 0.0140625 0.028125
0 0.61875 0.69140625 0.015625 0.0640625
0 0.61640625 0.73984375 0.0140625 0.0140625
0 0.6203125 0.76015625 0.0125 0.0140625
0 0.6203125 0.80234375 0.015625 0.0296875
0 0.6234375 0.8421875 0.015625 0.034375
0 0.6203125 0.8625 0.00625 0.00625
0 0.6265625 0.88515625 0.0125 0.0265625
0 0.62578125 0.91015625 0.0140625 0.0234375
0 0.6109375 0.925 0.00625 0.003125
0 0.6265625 0.92734375 0.0125 0.0109375
0 0.6234375 0.9359375 0.00625 0.003125
0 0.62734375 0.94453125 0.0140625 0.0109375
0 0.6265625 0.95625 0.0125 0.00625
0 0.6265625 0.9671875 0.015625 0.009375
0 0.62734375 0.98671875 0.0140625 0.0234375