0 0.9984375 0.59609375 0.003125 0.0140625
0 0.9921875 0.596875 0.003125 0.00625
0 0.9765625 0.5984375 0.01875 0.009375
0 0.95859375 0.5984375 0.0078125 0.009375
0 0.9359375 0.6015625 0.01875 0.0125
0 0.9234375 0.59921875 0.00625 0.0078125
0 0.8953125 0.60078125 0.0375 0.0109375
0 0.86796875 0.603125 0.0046875 0.0125
0 0.85703125 0.5984375 0.0078125 0.009375
0 0.8484375 0.6015625 0.00625 0.0125
0 0.8390625 0.6015625 0.003125 0.009375
0 0.82109375 0.603125 0.0296875 0.015625
0 0.79375 0.6046875 0.021875 0.015625
0 0.7765625 0.60234375 0.009375 0.0140625
0 0.759375 0.6046875 0.00625 0.0125
0 0.7359375 0.603125 0.03125 0.015625
0 0.7546875 0.60859375 0.003125 0.0109375
0 0.7140625 0.60234375 0.003125 0.0046875
0 0.728125 0.58984375 0.003125 0.0046875
0 0.7171875 0.5890625 0.003125 0.00625
0 0.68046875 0.60703125 0.0234375 0.0140625
0 0.6984375 0.60625 0.003125 0.003125
0 0.659375 0.60625 0.0125 0.0125
0 0.64375 0.59453125 0.003125 0.0078125
0 0.646875 0.6046875 0.009375 0.009375
0 0.6296875 0.60625 0.015625 0.0125
0 0.615625 0.6046875 0.003125 0.00625
0 0.60546875 0.60625 0.0109375 0.0125
0 0.5953125 0.6125 0.00625 0.009375
0 0.584375 0.6078125 0.015625 0.015625
0 0.5671875 0.58828125 0.003125 0.0046875
0 0.55859375 0.61171875 0.0109375 0.0140625
0 0.5171875 0.6109375 0.065625 0.015625
0 0.4765625 0.61171875 0.009375 0.0109375
0 0.45859375 0.60859375 0.0046875 0.0140625
0 0.4515625 0.6171875 0.003125 0.0125
0 0.4375 0.6140625 0.003125 0.00625
0 0.45 0.62890625 0.028125 0.0203125
0 0.390625 0.6140625 0.021875 0.0125
0 0.3578125 0.61484375 0.028125 0.0140625
0 0.30859375 0.61875 0.0640625 0.015625
0 0.26015625 0.61640625 0.0140625 0.0140625
0 0.23984375 0.6203125 0.0140625 0.0125
0 0.19765625 0.6203125 0.0296875 0.015625
0 0.1578125 0.6234375 0.034375 0.015625
0 0.1375 0.6203125 0.00625 0.00625
0 0.11484375 0.6265625 0.0265625 0.0125
0 0.08984375 0.62578125 0.0234375 0.0140625
0 0.075 0.6109375 0.003125 0.00625
0 0.07265625 0.6265625 0.0109375 0.0125
0 0.0640625 0.6234375 0.003125 0.00625
0 0.05546875 0.62734375 0.0109375 0.0140625
0 0.04375 0.6265625 0.00625 0.0125
0 0.0328125 0.6265625 0.009375 0.015625
0 0.01328125 0.62734375 0.0234375 0.0140625