0 0.40390625 0.9984375 0.0140625 0.003125
0 0.403125 0.9921875 0.00625 0.003125
0 0.403125 0.9765625 0.009375 0.01875
0 0.4015625 0.95859375 0.009375 0.0078125
0 0.3984375 0.9375 0.0125 0.01875
0 0.40078125 0.9234375 0.0078125 0.00625
0 0.39921875 0.8953125 0.0109375 0.0359375
0 0.396875 0.86796875 0.0125 0.0046875
0 0.4015625 0.85703125 0.009375 0.0078125
0 0.3984375 0.8484375 0.0125 0.00625
0 0.3984375 0.8390625 0.009375 0.003125
0 0.3984375 0.82109375 0.015625 0.0296875
0 0.3953125 0.79375 0.015625 0.021875
0 0.39765625 0.7765625 0.0140625 0.009375
0 0.3953125 0.759375 0.0125 0.00625
0 0.396875 0.7359375 0.015625 0.03125
0 0.39140625 0.7546875 0.0109375 0.003125
0 0.39765625 0.7140625 0.0046875 0.003125
0 0.41015625 0.728125 0.0046875 0.003125
0 0.4109375 0.7171875 0.00625 0.003125
0 0.39296875 0.68046875 0.0140625 0.0234375
0 0.39375 0.6984375 0.003125 0.003125
0 0.39375 0.659375 0.0125 0.0125
0 0.40546875 0.64375 0.0078125 0.003125
0 0.3953125 0.646875 0.009375 0.009375
0 0.39375 0.6296875 0.0125 0.015625
0 0.3953125 0.615625 0.00625 0.003125
0 0.39375 0.60546875 0.0125 0.0109375
0 0.3875 0.5953125 0.009375 0.00625
0 0.39375 0.584375 0.015625 0.015625
0 0.41171875 0.5671875 0.0046875 0.003125
0 0.38828125 0.55859375 0.0140625 0.0109375
0 0.3890625 0.5171875 0.015625 0.065625
0 0.38828125 0.4765625 0.0109375 0.009375
0 0.39140625 0.45859375 0.0140625 0.0046875
0 0.3828125 0.4515625 0.0125 0.003125
0 0.3859375 0.4375 0.00625 0.003125
0 0.37109375 0.4515625 0.0203125 0.028125
0 0.3859375 0.3921875 0.0125 0.021875
0 0.38515625 0.3578125 0.0140625 0.028125
0 0.3828125 0.30859375 0.015625 0.0640625
0 0.38359375 0.26015625 0.0140625 0.0140625
0 0.38125 0.23984375 0.0125 0.0140625
0 0.3796875 0.19765625 0.015625 0.0296875
0 0.3765625 0.1578125 0.015625 0.034375
0 0.38125 0.1375 0.00625 0.00625
0 0.3734375 0.11484375 0.0125 0.0265625
0 0.37421875 0.090625 0.0140625 0.021875
0 0.3890625 0.075 0.00625 0.003125
0 0.3734375 0.07265625 0.0125 0.0109375
0 0.378125 0.0640625 0.00625 0.003125
0 0.37265625 0.05546875 0.0140625 0.0109375
0 0.3734375 0.04375 0.0125 0.00625
0 0.3734375 0.034375 0.015625 0.009375
0 0.37265625 0.01328125 0.0140625 0.0234375