0 0.59609375 0.9984375 0.0140625 0.003125
0 0.596875 0.9921875 0.00625 0.003125
0 0.596875 0.978125 0.009375 0.01875
0 0.5984375 0.96015625 0.009375 0.0078125
0 0.6015625 0.9375 0.0125 0.01875
0 0.59765625 0.9234375 0.0078125 0.00625
0 0.60078125 0.8953125 0.0109375 0.0375
0 0.6015625 0.86953125 0.0125 0.0046875
0 0.5984375 0.85859375 0.009375 0.0078125
0 0.6 0.8484375 0.0125 0.00625
0 0.6 0.840625 0.009375 0.003125
0 0.6015625 0.82109375 0.015625 0.0296875
0 0.6046875 0.7953125 0.015625 0.021875
0 0.60078125 0.7765625 0.0140625 0.009375
0 0.6046875 0.7609375 0.0125 0.00625
0 0.6015625 0.7359375 0.015625 0.03125
0 0.60703125 0.7546875 0.0109375 0.003125
0 0.60078125 0.7140625 0.0046875 0.003125
0 0.58984375 0.7296875 0.0046875 0.003125
0 0.5890625 0.71875 0.00625 0.003125
0 0.60546875 0.68046875 0.0140625 0.0234375
0 0.60625 0.6984375 0.003125 0.003125
0 0.60625 0.659375 0.0125 0.0125
0 0.59296875 0.6453125 0.0078125 0.003125
0 0.603125 0.646875 0.009375 0.009375
0 0.60625 0.63125 0.0125 0.015625
0 0.6046875 0.615625 0.00625 0.003125
0 0.60625 0.60703125 0.0125 0.0109375
0 0.6125 0.596875 0.009375 0.00625
0 0.60625 0.584375 0.015625 0.015625
0 0.58671875 0.5671875 0.0046875 0.003125
0 0.61015625 0.56015625 0.0140625 0.0109375
0 0.6109375 0.5171875 0.015625 0.065625
0 0.61015625 0.4765625 0.0109375 0.009375
0 0.60859375 0.45859375 0.0140625 0.0046875
0 0.6171875 0.453125 0.0125 0.003125
0 0.6140625 0.4375 0.00625 0.003125
0 0.62890625 0.4515625 0.0203125 0.028125
0 0.6140625 0.3921875 0.0125 0.021875
0 0.61484375 0.359375 0.0140625 0.028125
0 0.6171875 0.31015625 0.015625 0.0640625
0 0.61640625 0.26171875 0.0140625 0.0140625
0 0.61875 0.23984375 0.0125 0.0140625
0 0.61875 0.19921875 0.015625 0.0296875
0 0.621875 0.159375 0.015625 0.034375
0 0.61875 0.1375 0.00625 0.00625
0 0.625 0.11640625 0.0125 0.0265625
0 0.62578125 0.090625 0.0140625 0.021875
0 0.6109375 0.0765625 0.00625 0.003125
0 0.625 0.07265625 0.0125 0.0109375
0 0.621875 0.065625 0.00625 0.003125
0 0.62734375 0.05703125 0.0140625 0.0109375
0 0.625 0.0453125 0.0125 0.00625
0 0.625 0.034375 0.015625 0.009375
0 0.62734375 0.01484375 0.0140625 0.0234375