0 0.73046875 0.99453125 0.0171875 0.0109375
0 0.73125 0.9765625 0.021875 0.0125
0 0.734375 0.9578125 0.01875 0.009375
0 0.7234375 0.946875 0.025 0.00625
0 0.725 0.93203125 0.021875 0.0140625
0 0.7265625 0.915625 0.015625 0.0125
0 0.7203125 0.903125 0.01875 0.009375
0 0.7203125 0.8921875 0.025 0.00625
0 0.7109375 0.8734375 0.03125 0.009375
0 0.725 0.859375 0.028125 0.0125
0 0.7140625 0.8375 0.028125 0.0125
0 0.6890625 0.81640625 0.009375 0.0046875
0 0.71875 0.803125 0.025 0.01875
0 0.6828125 0.796875 0.0125 0.00625
0 0.70625 0.7671875 0.021875 0.0125
0 0.7046875 0.74453125 0.025 0.0265625
0 0.6984375 0.7203125 0.01875 0.021875
0 0.69609375 0.6890625 0.0203125 0.015625
0 0.68046875 0.6703125 0.0171875 0.003125
0 0.7 0.67109375 0.01875 0.0078125
0 0.696875 0.64609375 0.025 0.0328125
0 0.6890625 0.615625 0.021875 0.028125
0 0.690625 0.5828125 0.034375 0.03125
0 0.678125 0.540625 0.025 0.034375
0 0.68359375 0.5109375 0.0171875 0.00625
0 0.6796875 0.496875 0.0125 0.009375
0 0.66875 0.48828125 0.021875 0.0046875
0 0.68359375 0.4796875 0.0171875 0.0125
0 0.68203125 0.46640625 0.0140625 0.0046875
0 0.67265625 0.4578125 0.0171875 0.0125
0 0.6703125 0.43125 0.021875 0.034375
0 0.675 0.40625 0.034375 0.00625
0 0.665625 0.39140625 0.009375 0.0046875
0 0.6734375 0.35859375 0.015625 0.0046875
0 0.659375 0.3203125 0.01875 0.025
0 0.65546875 0.2828125 0.0171875 0.021875
0 0.6515625 0.23828125 0.01875 0.0203125
0 0.65859375 0.25625 0.0171875 0.009375
0 0.64609375 0.21875 0.0109375 0.0125
0 0.646875 0.1875 0.015625 0.015625
0 0.64375 0.1609375 0.0125 0.00625
0 0.64453125 0.175 0.0078125 0.003125
0 0.63125 0.10625 0.021875 0.009375
0 0.6421875 0.09140625 0.015625 0.0046875
0 0.6296875 0.08125 0.015625 0.025
0 0.61015625 0.053125 0.0109375 0.00625
0 0.63359375 0.04453125 0.0109375 0.0109375
0 0.6375 0.01875 0.025 0.03125