0 0.00546875 0.73046875 0.0109375 0.0171875
0 0.0234375 0.7328125 0.01171875 0.02109375
0 0.0421875 0.734375 0.009375 0.01875
0 0.053125 0.7234375 0.00625 0.02578125
0 0.06796875 0.7265625 0.0140625 0.021875
0 0.084375 0.728125 0.0125 0.015625
0 0.096875 0.7203125 0.009375 0.01875
0 0.1078125 0.7203125 0.00546875 0.025
0 0.1265625 0.7125 0.00859375 0.03125
0 0.140625 0.725 0.0125 0.028125
0 0.1625 0.7140625 0.01171875 0.02734375
0 0.18359375 0.6890625 0.0046875 0.009375
0 0.196875 0.71875 0.01875 0.02578125
0 0.203125 0.6828125 0.00546875 0.01171875
0 0.2328125 0.70625 0.0125 0.02109375
0 0.25546875 0.70625 0.0265625 0.025
0 0.2796875 0.7 0.021875 0.01875
0 0.309375 0.69765625 0.01640625 0.0203125
0 0.3296875 0.68203125 0.00390625 0.0171875
0 0.32890625 0.7 0.0078125 0.01875
0 0.35390625 0.6984375 0.0328125 0.02421875
0 0.3828125 0.690625 0.02890625 0.02109375
0 0.4171875 0.690625 0.03203125 0.03359375
0 0.4578125 0.6796875 0.03515625 0.025
0 0.4890625 0.68359375 0.00625 0.0171875
0 0.5015625 0.6796875 0.01015625 0.01328125
0 0.51171875 0.66875 0.0046875 0.021875
0 0.5203125 0.68359375 0.0125 0.0171875
0 0.53359375 0.68203125 0.0046875 0.0140625
0 0.5421875 0.67421875 0.0125 0.0171875
0 0.56875 0.6703125 0.034375 0.02109375
0 0.59375 0.6765625 0.00703125 0.034375
0 0.60859375 0.665625 0.0046875 0.01015625
0 0.64140625 0.6734375 0.0046875 0.01640625
0 0.6796875 0.659375 0.02421875 0.01875
0 0.7171875 0.65546875 0.02265625 0.0171875
0 0.76171875 0.653125 0.0203125 0.01796875
0 0.74375 0.66015625 0.00859375 0.0171875
0 0.78125 0.64765625 0.01171875 0.0109375
0 0.8125 0.646875 0.015625 0.01640625
0 0.8390625 0.64375 0.00546875 0.01171875
0 0.825 0.64453125 0.003125 0.0078125
0 0.89375 0.6328125 0.009375 0.02109375
0 0.90859375 0.6421875 0.0046875 0.01640625
0 0.91875 0.6296875 0.02421875 0.01484375
0 0.946875 0.61171875 0.00546875 0.0109375
0 0.95546875 0.63359375 0.0109375 0.0109375
0 0.98125 0.6390625 0.03125 0.02421875