0 0.99453125 0.26953125 0.0109375 0.0171875
0 0.9765625 0.2671875 0.0125 0.021875
0 0.9578125 0.265625 0.009375 0.01875
0 0.946875 0.2765625 0.00625 0.025
0 0.93203125 0.2734375 0.0140625 0.021875
0 0.915625 0.271875 0.0125 0.015625
0 0.903125 0.2796875 0.009375 0.01875
0 0.8921875 0.2796875 0.00625 0.025
0 0.8734375 0.2875 0.009375 0.03125
0 0.859375 0.275 0.0125 0.028125
0 0.8375 0.2859375 0.0125 0.028125
0 0.81640625 0.3109375 0.0046875 0.009375
0 0.803125 0.28125 0.01875 0.025
0 0.796875 0.3171875 0.00625 0.0125
0 0.7671875 0.29375 0.0125 0.021875
0 0.74453125 0.29375 0.0265625 0.025
0 0.7203125 0.3 0.021875 0.01875
0 0.690625 0.30234375 0.015625 0.0203125
0 0.6703125 0.31796875 0.003125 0.0171875
0 0.67109375 0.3 0.0078125 0.01875
0 0.64609375 0.3015625 0.0328125 0.025
0 0.6171875 0.309375 0.028125 0.021875
0 0.5828125 0.309375 0.03125 0.034375
0 0.5421875 0.3203125 0.034375 0.025
0 0.5109375 0.31640625 0.00625 0.0171875
0 0.4984375 0.3203125 0.009375 0.0125
0 0.48828125 0.33125 0.0046875 0.021875
0 0.4796875 0.31640625 0.0125 0.0171875
0 0.46640625 0.31796875 0.0046875 0.0140625
0 0.4578125 0.32578125 0.0125 0.0171875
0 0.43125 0.3296875 0.034375 0.021875
0 0.40625 0.3234375 0.00625 0.034375
0 0.39140625 0.334375 0.0046875 0.009375
0 0.35859375 0.3265625 0.0046875 0.015625
0 0.3203125 0.340625 0.025 0.01875
0 0.2828125 0.34453125 0.021875 0.0171875
0 0.23828125 0.346875 0.0203125 0.01875
0 0.25625 0.33984375 0.009375 0.0171875
0 0.21875 0.35234375 0.0125 0.0109375
0 0.1875 0.353125 0.015625 0.015625
0 0.1609375 0.35625 0.00625 0.0125
0 0.175 0.35546875 0.003125 0.0078125
0 0.10625 0.3671875 0.009375 0.021875
0 0.09140625 0.3578125 0.0046875 0.015625
0 0.08125 0.3703125 0.025 0.015625
0 0.053125 0.38828125 0.00625 0.0109375
0 0.04453125 0.36640625 0.0109375 0.0109375
0 0.01875 0.3609375 0.03125 0.025