0 0.00546875 0.26953125 0.0109375 0.0171875
0 0.0234375 0.26875 0.0125 0.021875
0 0.0421875 0.265625 0.009375 0.01875
0 0.053125 0.2765625 0.00625 0.025
0 0.06796875 0.275 0.0140625 0.021875
0 0.084375 0.2734375 0.0125 0.015625
0 0.096875 0.2796875 0.009375 0.01875
0 0.1078125 0.2796875 0.00625 0.025
0 0.1265625 0.2890625 0.009375 0.03125
0 0.140625 0.275 0.0125 0.028125
0 0.1625 0.2859375 0.0125 0.028125
0 0.18359375 0.3109375 0.0046875 0.009375
0 0.196875 0.28125 0.01875 0.025
0 0.203125 0.3171875 0.00625 0.0125
0 0.2328125 0.29375 0.0125 0.021875
0 0.25546875 0.2953125 0.0265625 0.025
0 0.2796875 0.3015625 0.021875 0.01875
0 0.3109375 0.30390625 0.015625 0.0203125
0 0.3296875 0.31953125 0.003125 0.0171875
0 0.32890625 0.3 0.0078125 0.01875
0 0.35390625 0.303125 0.0328125 0.025
0 0.384375 0.3109375 0.028125 0.021875
0 0.4171875 0.309375 0.03125 0.034375
0 0.459375 0.321875 0.034375 0.025
0 0.4890625 0.31640625 0.00625 0.0171875
0 0.503125 0.3203125 0.009375 0.0125
0 0.51171875 0.33125 0.0046875 0.021875
0 0.5203125 0.31640625 0.0125 0.0171875
0 0.53359375 0.31796875 0.0046875 0.0140625
0 0.5421875 0.32734375 0.0125 0.0171875
0 0.56875 0.3296875 0.034375 0.021875
0 0.59375 0.325 0.00625 0.034375
0 0.60859375 0.334375 0.0046875 0.009375
0 0.64140625 0.3265625 0.0046875 0.015625
0 0.6796875 0.340625 0.025 0.01875
0 0.7171875 0.34453125 0.021875 0.0171875
0 0.76171875 0.3484375 0.0203125 0.01875
0 0.74375 0.34140625 0.009375 0.0171875
0 0.78125 0.35390625 0.0125 0.0109375
0 0.8125 0.353125 0.015625 0.015625
0 0.8390625 0.35625 0.00625 0.0125
0 0.825 0.35546875 0.003125 0.0078125
0 0.89375 0.36875 0.009375 0.021875
0 0.90859375 0.3578125 0.0046875 0.015625
0 0.91875 0.3703125 0.025 0.015625
0 0.946875 0.38984375 0.00625 0.0109375
0 0.95546875 0.36640625 0.0109375 0.0109375
0 0.98125 0.3625 0.03125 0.025