0 0.6140625 0.2109375 0.028125 0.103125
0 0.5796875 0.6234375 0.034375 0.0625
0 0.59140625 0.5578125 0.0265625 0.046875
0 0.571875 0.57109375 0.015625 0.0421875
0 0.5640625 0.60625 0.009375 0.028125
0 0.6328125 0.5453125 0.015625 0.034375
0 0.63359375 0.5109375 0.0109375 0.025
0 0.62265625 0.4953125 0.0109375 0.025
0 0.6171875 0.459375 0.053125 0.096875
0 0.6125 0.446875 0.009375 0.01875
0 0.63046875 0.2515625 0.0171875 0.021875
0 0.6078125 0.325 0.01875 0.065625
0 0.5875 0.39296875 0.0125 0.0203125
0 0.609375 0.2828125 0.00625 0.009375
0 0.6375 0.178125 0.021875 0.0875