0 0.7890625 0.3875 0.103125 0.028125
0 0.3765625 0.421875 0.0625 0.034375
0 0.4421875 0.40859375 0.046875 0.0265625
0 0.42890625 0.428125 0.0421875 0.015625
0 0.39375 0.4359375 0.028125 0.009375
0 0.4546875 0.3671875 0.034375 0.015625
0 0.4890625 0.36640625 0.025 0.0109375
0 0.50625 0.37890625 0.025 0.0109375
0 0.5421875 0.384375 0.096875 0.053125
0 0.553125 0.3875 0.01875 0.009375
0 0.7484375 0.36953125 0.021875 0.0171875
0 0.6765625 0.39375 0.065625 0.01875
0 0.60859375 0.4140625 0.0203125 0.0125
0 0.71875 0.3921875 0.009375 0.00625
0 0.821875 0.3625 0.0875 0.021875