0 0.7890625 0.3859375 0.103125 0.028125
0 0.3765625 0.4203125 0.0625 0.034375
0 0.4421875 0.40859375 0.046875 0.0265625
0 0.42890625 0.428125 0.0421875 0.015625
0 0.39375 0.4359375 0.028125 0.009375
0 0.4546875 0.3671875 0.034375 0.015625
0 0.4890625 0.36640625 0.025 0.0109375
0 0.5046875 0.37734375 0.025 0.0109375
0 0.540625 0.3828125 0.096875 0.053125
0 0.553125 0.3875 0.01875 0.009375
0 0.7484375 0.36953125 0.021875 0.0171875
0 0.675 0.3921875 0.065625 0.01875
0 0.60703125 0.4125 0.0203125 0.0125
0 0.7171875 0.390625 0.009375 0.00625
0 0.821875 0.3625 0.0875 0.021875