0 0.3875 0.2109375 0.028125 0.103125
0 0.421875 0.6234375 0.034375 0.0625
0 0.40859375 0.5578125 0.0265625 0.046875
0 0.428125 0.57109375 0.015625 0.0421875
0 0.4359375 0.60625 0.009375 0.028125
0 0.3671875 0.5453125 0.015625 0.034375
0 0.36640625 0.5109375 0.0109375 0.025
0 0.37890625 0.49375 0.0109375 0.025
0 0.384375 0.4578125 0.053125 0.096875
0 0.3875 0.446875 0.009375 0.01875
0 0.36953125 0.2515625 0.0171875 0.021875
0 0.39375 0.3234375 0.01875 0.065625
0 0.4140625 0.39140625 0.0125 0.0203125
0 0.3921875 0.28125 0.00625 0.009375
0 0.3625 0.178125 0.021875 0.0875